2
7 7
1111111
1000001
1s00001
1s000g1
1s00001
1000001
1111111
3
END
10 100 0 1
1 4 12 44 40
END
10 44 4 3
2 1 0 1
2 2 0 1
2 3 0 1
2 4 0 1
1 4 1 54 116
1 4 10 82 68
1 3 16 77 82
END
10 41 6 4
2 1 0 1
2 2 0 1
2 3 0 1
2 4 0 1
3 4 0 0
3 2 0 0
1 2 3 96 31
1 4 21 41 115
1 2 6 70 118
1 3 16 90 104
END
8 7
11111111
10000001
1s000001
1s0010g1
1s000001
10000001
11111111
2
END
10 100 0 1
1 4 12 44 40
END
10 41 6 4
2 1 0 1
2 2 0 1
2 3 0 1
2 4 0 1
3 4 0 0
3 2 0 0
1 2 3 96 31
1 4 21 41 115
1 2 6 70 118
1 3 16 90 104
END
